000007
000012
000014
000021
000034
000040
000060
000065
000074
000075
000084
000087
000107
000119
000125
000140
000147
000148
000171
000172
000178
000179
000191
000200
000213
000215
000219
000234
000253
000257
000275
000276
000288
000307
000309
000318
000324
000325
000332
000342
000345
000351
000357
000364
000366
000377
000384
000407
000411
000423
000429
000434
000472
000474
000475
000476
000490
000491
000498
000499
000510
000514
000528
000549
000555
000564
000567
000573
000591
000592
000596
000609
000615
000630
000633
000656
000688
000690
000692
000697
000703
000722
000732
000745
000769
000770
000786
000805
000807
000824
000836
000844
000854
000874
000880
000887
000895
000900
000918
000921
000924
000933
000934
000935
000936
000944
000945
000951
000952
000954
000958
000966
000969
000979
000981
000985
000986
000989
000990
000994
001005
001019
001020
001024
001032
001040
001042
001050
001065
001070
001071
001079
001080
001091
001093
001094
001095
001105
001108
001109
001113
001119
001145
001153
001162
001165
001170
001175
001176
001187
001203
001207
001214
001218
001222
001227
001233
001237
001239
001242
001243
001244
001247
001257
001258
001262
001263
001285
001292
001301
001311
001316
001318
001319
001324
001340
001342
001345
001363
001364
001380
001387
001390
001395
001430
001445
001452
001457
001465
001467
001470
001472
001482
001489
001500
001502
001518
001519
001524
001530
001535
001536
001537
001543
001545
001550
001555
001559
001560
001566
001569
001574
001578
001594
001608
001611
001619
001632
001633
001634
001640
001641
001671
001689
001691
001715
001717
001719
001722
001723
001744
001745
001750
001754
001762
001773
001787
001800
001806
001822
001824
001827
001832
001844
001856
001858
001869
001870
001871
001878
001879
001881
001889
001895
001903
001904
001911
001912
001920
001927
001931
001946
001949
001959
001960
001962
001968
001969
001980
001986
001990
001993
002000
002005
002007
002022
002023
002027
002032
002036
002047
002051
002054
002076
002079
002090
002091
002110
002111
002120
002121
002124
002126
002130
002139
002142
002152
002156
002164
002179
002184
002186
002187
002188
002190
002207
002214
002222
002223
002226
002240
002249
002254
002256
002267
002286
002290
002297
002315
002316
002320
002321
002329
002337
002340
002342
002343
002346
002351
002361
002362
002364
002380
002381
002383
002405
002406
002413
002418
002421
002430
002436
002437
002444
002452
002457
002460
002463
002465
002482
002488
002494
002505
002523
002529
002531
002534
002541
002544
002548
002571
002577
002583
002584
002586
002590
002599
002600
002604
002607
002608
002614
002623
002627
002631
002632
002635
002642
002647
002657
002664
002665
002672
002681
002702
002704
002712
002726
002728
002735
002743
002750
002755
002770
002771
002773
002777
002787
002802
002811
002814
002815
002818
002827
002839
002842
002846
002854
002868
002880
002894
002900
002907
002919
002927
002934
002939
002940
002944
002946
002949
002965
002973
002975
002980
002982
002992
003010
003011
003026
003029
003043
003064
003082
003084
003086
003087
003095
003102
003118
003119
003120
003122
003138
003142
003149
003163
003186
003202
003207
003221
003224
003232
003253
003274
003281
003283
003288
003294
003296
003297
003317
003318
003319
003325
003332
003337
003341
003349
003355
003366
003389
003392
003393
003399
003414
003423
003430
003438
003448
003452
003460
003462
003465
003467
003469
003477
003479
003495
003501
003517
003534
003539
003557
003558
003559
003566
003567
003569
003575
003589
003611
003613
003621
003635
003637
003639
003640
003641
003642
003648
003649
003656
003658
003659
003664
003666
003669
003670
003686
003694
003699
003703
003707
003708
003716
003730
003748
003757
003765
003768
003771
003772
003775
003776
003786
003789
003792
003800
003802
003804
003805
003807
003808
003810
003828
003834
003847
003854
003855
003857
003864
003867
003875
003894
003896
003904
003920
003924
003928
003957
003966
003970
003972
003980
003984
003987
003988
003996
004002
004014
004020
004039
004045
004046
004049
004063
004065
004069
004078
004080
004084
004094
004097
004099
004109
004114
004120
004123
004138
004140
004142
004152
004197
004203
004211
004212
004213
004218
004229
004230
004239
004243
004255
004259
004294
004305
004311
004314
004315
004318
004319
004325
004341
004347
004364
004377
004382
004387
004395
004404
004407
004413
004431
004436
004458
004473
004483
004485
004489
004506
004519
004521
004524
004526
004529
004547
004554
004556
004559
004571
004579
004586
004608
004617
004620
004638
004642
004645
004657
004667
004675
004680
004690
004691
004699
004707
004724
004728
004735
004743
004754
004758
004773
004775
004785
004787
004788
004797
004810
004834
004837
004843
004845
004848
004851
004865
004878
004881
004885
004890
004895
004899
004948
004954
004955
004964
004965
004975
004985
005002
005005
005008
005025
005042
005047
005060
005064
005073
005076
005083
005085
005090
005109
005110
005117
005128
005136
005139
005144
005149
005157
005160
005166
005169
005172
005179
005181
005185
005193
005195
005196
005215
005222
005224
005225
005231
005235
005246
005247
005250
005256
005265
005272
005287
005301
005306
005307
005309
005324
005325
005332
005334
005343
005346
005349
005351
005362
005365
005368
005383
005390
005398
005415
005417
005425
005428
005435
005439
005462
005472
005475
005504
005527
005531
005534
005535
005547
005554
005556
005580
005590
005593
005606
005607
005609
005616
005620
005622
005635
005658
005661
005695
005696
005702
005704
005705
005720
005721
005737
005739
005748
005749
005750
005756
005758
005770
005771
005775
005777
005785
005789
005795
005804
005805
005808
005820
005830
005849
005861
005868
005875
005878
005883
005884
005887
005899
005901
005913
005916
005917
005920
005921
005958
005966
005967
005970
005972
005975
005981
005985
005992
006009
006011
006018
006027
006045
006063
006070
006074
006077
006079
006086
006117
006119
006123
006147
006148
006182
006185
006210
006220
006224
006228
006236
006247
006261
006265
006279
006284
006287
006289
006292
006307
006309
006312
006313
006320
006322
006325
006339
006340
006365
006375
006381
006392
006394
006395
006399
006403
006408
006411
006414
006415
006429
006435
006441
006444
006452
006461
006462
006467
006469
006471
006477
006501
006515
006523
006525
006534
006538
006552
006560
006576
006577
006581
006583
006589
006624
006634
006640
006641
006642
006647
006648
006659
006662
006672
006678
006682
006688
006710
006714
006718
006742
006761
006763
006765
006776
006780
006786
006806
006807
006814
006842
006850
006864
006875
006880
006882
006900
006902
006906
006915
006918
006922
006929
006932
006944
006948
006957
006962
006963
006967
006971
006985
006987
007016
007019
007023
007024
007035
007044
007054
007055
007056
007059
007064
007077
007085
007102
007108
007119
007136
007149
007155
007159
007161
007168
007175
007194
007220
007225
007233
007240
007243
007245
007271
007272
007273
007279
007281
007285
007286
007287
007293
007296
007308
007315
007316
007318
007322
007325
007329
007333
007338
007339
007352
007363
007368
007369
007374
007375
007392
007393
007409
007410
007415
007417
007429
007434
007454
007455
007459
